#3 (1;1) (1;3) (3;3)
#4 (0;0) (0;1) (1;1) (1;0)
#5 (0;0) (0;1) (1;2) (2;1) (2;0)
#3 (0;0) (-2;0) (0;-2)

#3 (3;3) (1;1) (1;3)
#3 (3;3) (1;1) (1;3)
#4 (0;0) (1;0) (1;1) (0;1)
#3 (3;3) (1;1) (1;3)
#3 (3;3) (1;1) (1;3)
#3 (3;3) (1;1) (1;3)
#4 (0;0) (1;0) (1;1) (0;1)
#4 (0;0) (1;0) (1;1) (0;1)
#3 (3;3) (1;1) (1;3)

3 (3;3) (1;1) (1;3)
4 (0;0) (1;0) (1;1) (0;1)
3 (3;3) (1;1) (1;3)
4 (0;0) (1;0) (1;1) (0;1)

Afdsaf
2 (0;0) (0;1) (1;2) (2;1) (2;0)
99999999999999 (21;22)
1 (0;1)
A (0;1) (2;0) (0;0)
3 (0;1) (2;0) (2;0)
